5000
-542 -686 386
42 -734 295
-368 -584 -486
-16 -705 180
691 -78 47
-522 -602 -364
-519 -644 347
-470 -620 -360
-53 -601 167
79 -675 310
-679 -781 424
-454 -761 -354
647 76 130
-675 -744 519
86 -557 133
666 133 44
-713 -658 439
781 -62 245
-647 -734 349
671 -16 80
-554 -759 332
-343 -586 -411
-411 -788 -495
575 -73 191
-504 -626 499
777 141 26
601 46 252
31 -791 92
-97 -743 261
-655 -627 516
-499 -808 -401
106 -797 145
-416 -810 -330
-415 -740 -344
41 -770 193
-559 -632 550
-102 -713 123
-685 -737 342
99 -700 235
134 -622 112
-350 -654 -463
-640 -765 435
669 84 134
-489 -603 -536
-20 -697 90
7 -544 154
-368 -616 -391
-63 -657 274
-459 -793 -413
543 -5 12
-503 -698 421
-511 -769 475
760 17 195
-87 -661 98
-642 -533 552
-626 -713 456
110 -637 229
547 34 19
-678 -699 320
-631 -571 565
-559 -682 313
578 102 99
-13 -805 301
116 -748 266
-40 -753 76
-375 -686 -399
-407 -596 -454
-541 -521 367
-485 -784 -467
652 -23 22
-39 -709 338
-39 -626 119
585 124 96
9 -553 256
-668 -785 347
-539 -569 477
-383 -782 -573
-469 -582 344
603 95 203
-505 -721 584
-531 -698 393
739 -38 63
-394 -534 -518
-505 -621 490
667 -57 40
-611 -644 356
-559 -713 -518
-525 -681 -431
-565 -507 486
-353 -562 -495
-415 -630 -446
-508 -594 343
682 53 2
591 160 176
28 -739 120
753 -35 82
718 158 45
633 -68 58
82 -642 84
803 86 214
-27 -649 229
-479 -542 503
115 -548 143
-386 -770 -368
791 -77 67
529 33 126
-723 -748 377
-316 -682 -405
752 -90 23
718 74 169
-686 -764 581
655 152 7
641 -83 80
714 -106 186
789 120 18
-520 -609 412
578 -25 190
-673 -672 334
-429 -693 -394
-532 -686 -532
-488 -570 -408
-350 -655 -531
156 -618 92
-356 -797 -563
661 113 169
-686 -696 416
-115 -762 193
129 -751 319
805 107 63
-439 -659 -557
-535 -788 -531
-26 -771 291
-394 -758 -457
794 51 97
-469 -531 -453
802 30 207
-575 -679 569
3 -718 295
641 21 92
796 12 99
-341 -773 -459
667 158 125
-516 -743 567
-483 -802 -370
113 -581 337
694 -2 184
-654 -644 514
-503 -778 -523
672 -78 159
609 11 263
604 66 162
-572 -689 430
705 142 96
660 -85 39
-528 -530 557
-423 -661 -387
637 167 102
-665 -510 510
12 -815 89
-16 -719 308
-326 -790 -529
72 -593 284
83 -789 96
752 121 79
-25 -656 121
-381 -704 -506
48 -778 127
-493 -703 -412
-527 -654 312
790 -30 256
572 149 195
-74 -790 301
-525 -715 -381
754 164 149
-626 -675 308
155 -573 223
567 123 255
712 -74 257
-480 -720 347
-698 -514 536
-621 -638 459
-485 -756 -335
541 119 166
770 -14 46
-506 -749 -391
-484 -764 -543
104 -783 318
-640 -760 574
703 -85 166
-547 -729 452
-419 -676 -399
-644 -596 476
-371 -635 -575
-89 -747 318
-550 -798 -583
-673 -748 443
-526 -620 -589
-559 -695 -342
-577 -770 559
633 15 2
-544 -724 445
717 139 39
-326 -774 -353
786 106 233
-685 -572 565
-569 -583 408
-123 -700 125
-298 -617 -459
69 -563 201
-18 -758 331
122 -809 242
-359 -629 -515
-60 -656 163
-492 -647 -367
-688 -602 309
-607 -548 469
734 84 153
-350 -780 -545
-415 -603 -545
79 -553 316
-426 -787 -494
13 -686 284
744 116 87
703 90 246
-528 -770 458
-460 -635 380
-47 -666 311
650 40 36
734 -101 45
634 86 81
-390 -750 -597
-494 -782 -344
663 37 -11
-564 -609 -407
129 -664 320
-45 -629 108
739 -2 3
-616 -620 519
-473 -596 427
-612 -543 310
-598 -605 364
-599 -760 311
-470 -678 493
-506 -746 -563
-33 -693 226
116 -578 216
-409 -563 -379
-703 -769 531
-405 -569 -550
-120 -679 273
680 58 80
549 135 173
-546 -577 -397
662 39 110
-327 -702 -416
698 -110 202
-329 -787 -461
-508 -616 -383
754 6 141
42 -549 245
-539 -573 -343
-111 -598 83
732 91 179
-467 -518 342
6 -672 212
632 111 102
556 142 10
-476 -557 -406
-590 -733 409
-72 -791 189
-495 -699 -496
-496 -612 584
-464 -694 524
595 35 238
-350 -564 -497
-354 -559 -585
795 -108 253
607 45 7
-12 -576 346
-87 -787 340
-110 -812 176
-520 -806 -528
-515 -646 496
760 48 110
738 116 22
14 -687 126
-670 -543 314
-612 -612 523
134 -538 162
622 83 94
-540 -600 579
-421 -785 -508
612 113 103
34 -708 201
42 -803 335
-496 -689 -408
-495 -550 415
-551 -511 576
-356 -533 -331
112 -773 239
604 53 253
-672 -557 504
-344 -569 -440
640 145 211
770 88 165
44 -752 293
74 -720 175
573 -45 20
2 -682 174
-21 -766 167
-543 -598 -426
19 -693 311
568 69 95
-499 -664 333
22 -704 293
-562 -572 -589
-607 -691 431
-348 -569 -472
547 67 5
142 -587 317
-503 -728 -482
797 166 39
-92 -807 244
-320 -651 -577
-95 -540 210
-469 -567 -356
118 -665 182
-14 -682 241
528 163 69
631 -31 157
-504 -678 356
-520 -784 555
-466 -727 -538
525 -106 143
-311 -672 -566
-504 -737 353
110 -612 331
785 -58 37
-374 -542 -500
112 -665 328
-406 -637 -402
-515 -539 466
583 -35 39
529 -83 138
99 -778 174
-641 -508 379
-679 -725 442
778 21 241
-386 -741 -567
-554 -784 -585
110 -701 172
28 -769 261
-365 -668 -605
-532 -534 309
140 -617 220
686 38 222
-454 -754 -337
-408 -783 -506
-573 -673 -452
-462 -774 -390
-656 -541 549
-551 -626 528
-481 -621 -437
-344 -714 -500
551 150 244
-400 -807 -366
-419 -662 -504
-367 -659 -465
-429 -745 -409
-8 -600 78
694 -26 85
-42 -543 239
-514 -724 551
8 -717 196
118 -550 103
-709 -512 544
651 -68 -5
-729 -676 510
-519 -744 353
-574 -609 390
587 48 122
-629 -634 357
2 -661 213
-561 -632 -365
47 -810 335
-564 -615 411
-446 -685 -506
-696 -751 398
-75 -630 260
-712 -734 361
-572 -669 -560
698 2 137
-481 -784 508
601 60 32
525 -16 163
48 -573 95
573 -77 223
709 -98 125
-348 -624 -588
-10 -764 331
-707 -728 360
-464 -582 -448
618 118 212
-430 -643 -423
-536 -702 -401
666 -45 128
20 -793 123
82 -748 277
108 -678 321
-499 -717 328
-613 -720 431
748 -29 186
720 -92 19
656 78 15
638 48 16
-620 -736 548
-420 -759 -325
-406 -784 -336
-391 -716 -576
-570 -744 399
-593 -656 415
-427 -614 -390
762 32 118
-307 -620 -404
-558 -765 -602
-364 -800 -424
776 164 200
-101 -571 312
-488 -803 -483
-307 -794 -587
-420 -642 -592
-730 -718 519
-638 -673 486
-62 -582 208
-551 -651 -517
128 -570 104
-102 -748 233
-313 -611 -476
-427 -653 -367
-513 -542 510
-608 -624 386
-403 -686 -509
-366 -576 -476
545 -56 103
600 50 17
701 162 107
-504 -680 -504
147 -545 191
534 -26 117
-98 -637 300
-13 -707 261
-655 -506 475
-98 -570 273
-69 -652 94
635 64 14
667 -54 26
-633 -652 538
-722 -656 335
-498 -547 -580
721 62 -8
-524 -602 -399
746 -13 167
-113 -578 188
623 105 115
-377 -802 -512
558 -38 199
544 16 90
732 -41 73
717 157 97
-676 -624 542
-501 -602 -428
-605 -674 542
-362 -671 -594
647 -7 240
-520 -782 338
-580 -508 456
-552 -798 -482
-95 -688 163
551 8 90
-482 -629 -575
-546 -598 -495
83 -686 345
-559 -546 465
-576 -669 540
113 -749 141
612 -62 54
791 -110 225
800 146 208
-20 -580 313
125 -677 292
-488 -608 -335
-527 -692 539
-502 -770 -366
-70 -548 305
796 -15 258
-468 -514 343
-476 -666 -349
-702 -635 423
-719 -561 389
-382 -542 -454
769 -42 29
55 -636 304
-521 -667 -593
565 113 109
85 -644 310
584 -69 184
632 105 183
-83 -683 86
-117 -608 318
-574 -778 457
787 150 105
-578 -610 -467
-481 -596 -394
-429 -793 -385
84 -766 89
149 -703 90
-92 -725 219
-524 -784 407
565 156 248
-329 -534 -351
-69 -780 325
-483 -696 -506
679 21 28
-480 -660 -527
772 -103 223
-679 -599 389
-302 -674 -357
598 68 16
690 -34 27
551 -99 216
659 -53 14
-624 -565 358
106 -672 213
-665 -551 383
662 -31 228
-699 -620 397
-602 -757 574
-532 -701 -416
-594 -591 498
559 68 61
-17 -771 124
-579 -522 376
-612 -540 528
-383 -701 -605
730 114 230
136 -595 213
626 161 73
-658 -566 528
-496 -757 360
-485 -741 311
-120 -766 117
680 -111 65
564 74 77
-499 -796 -501
57 -657 247
784 162 233
627 -2 12
122 -607 82
-598 -532 577
113 -542 143
-489 -551 517
-20 -596 258
-460 -581 -571
123 -556 303
711 -90 19
587 -65 128
635 163 197
-529 -608 -446
-62 -633 307
-500 -753 575
-525 -683 334
-372 -610 -435
638 3 241
-506 -693 -384
-627 -634 385
-302 -786 -340
135 -538 189
-639 -520 371
-299 -652 -589
-495 -660 576
-517 -741 475
-532 -514 493
-611 -594 587
-535 -673 -487
-5 -696 240
-731 -559 544
-413 -791 -370
40 -717 210
-343 -693 -480
146 -540 127
-515 -693 -463
794 157 126
-51 -598 249
137 -710 85
-433 -796 -582
-384 -778 -464
-382 -685 -535
357 697 -528
-665 -783 367
36 -716 320
4 -635 246
-478 -614 -530
-408 -734 -339
-45 -795 284
696 99 100
574 -67 18
27 -768 176
-534 -802 -591
615 122 94
-481 -605 -525
4 -574 264
-390 -759 -333
-480 -531 566
-474 -786 -441
16 -681 140
747 22 134
782 -47 -12
543 -93 171
580 -65 146
-436 -768 -454
-301 -730 -537
626 162 -2
532 57 175
705 -42 174
713 77 107
-547 -645 -457
-121 -710 345
566 130 -14
-423 -791 -552
-48 -691 172
-600 -566 422
-544 -777 -378
125 -817 321
567 112 48
-520 -616 -567
798 -25 20
-18 -726 216
665 7 4
-574 -745 -492
-41 -613 195
706 43 86
-397 -631 -325
774 123 167
612 4 104
701 -18 130
-515 -652 -500
-631 -765 572
623 160 41
-323 -777 -474
596 -105 44
37 -660 173
800 123 199
775 -107 75
81 -671 351
755 -63 87
-469 -727 478
94 -808 345
-543 -510 550
-453 -593 -532
-489 -767 550
632 74 29
87 -700 215
-402 -756 -417
103 -745 310
-527 -611 553
-363 -625 -426
542 -102 64
-498 -626 -384
-713 -519 538
106 -571 335
572 46 -5
-31 -643 265
125 -607 81
18 -763 85
-413 -563 -600
141 -669 222
-312 -682 -349
-408 -799 -420
26 -588 204
-540 -654 -334
-427 -618 -414
651 -30 7
-504 -739 454
-656 -593 520
-605 -569 496
540 -35 6
-28 -616 126
-389 -573 -480
-26 -590 298
-8 -811 164
776 69 47
-660 -624 491
-688 -750 402
-558 -631 374
673 -1 147
-458 -718 -558
-678 -695 442
-328 -708 -460
-526 -613 317
-693 -747 386
653 157 26
-617 -525 584
676 114 165
-441 -649 -452
66 -631 212
-463 -704 -584
-535 -748 421
565 135 230
-701 -618 483
-412 -612 -573
-613 -731 321
139 -549 133
-483 -609 -512
65 -647 349
-613 -534 530
147 -748 245
542 -46 24
-683 -634 497
-526 -614 492
-571 -698 -360
560 90 -13
-488 -527 381
84 -775 251
-541 -531 496
621 -30 242
644 -65 54
-450 -738 -556
-335 -782 -586
-497 -774 416
-598 -650 511
-458 -585 -495
-473 -785 -592
-454 -533 345
720 -26 191
-374 -755 -328
730 -56 149
-55 -816 235
794 -103 248
-602 -688 561
-691 -700 354
-331 -536 -568
-632 -703 378
716 -107 48
-81 -790 131
-456 -586 -598
-687 -582 377
634 124 184
593 -81 141
-644 -619 371
615 80 209
-463 -715 571
663 38 162
580 55 198
-543 -510 573
-600 -643 542
-532 -728 336
752 56 18
72 -811 296
-364 -575 -599
-684 -642 545
-491 -712 -554
-701 -538 379
643 52 46
98 -587 185
-97 -619 215
-696 -588 476
-434 -622 -476
20 -799 260
-647 -581 459
-103 -767 287
-547 -739 -558
122 -709 181
555 76 107
-303 -803 -325
-94 -632 238
-550 -736 415
-479 -598 -441
-103 -771 117
629 43 224
545 -25 11
51 -722 151
12 -766 211
-24 -781 223
106 -653 127
125 -574 121
-47 -554 298
-669 -524 312
-402 -797 -343
-460 -764 457
-706 -525 313
76 -759 232
720 159 122
42 -742 110
-480 -553 372
-398 -686 -570
739 73 171
-470 -590 386
-482 -569 502
38 -760 74
-601 -762 430
-604 -531 493
-579 -643 385
-308 -673 -519
-607 -686 545
773 92 12
-688 -718 441
-406 -615 -439
-488 -670 456
569 132 59
765 -39 76
-454 -697 -553
-400 -782 -565
-14 -643 237
-462 -656 -371
-396 -671 -559
593 60 226
572 133 258
-461 -653 -581
35 -682 212
-558 -628 -427
-123 -676 318
-526 -603 -463
772 88 11
-483 -578 -363
-562 -740 443
-102 -739 125
-491 -587 513
-571 -772 334
-480 -644 521
-362 -751 -568
-593 -706 571
-84 -670 277
606 35 30
96 -723 219
-655 -739 446
562 -10 151
792 147 142
-520 -794 -358
70 -592 147
-495 -753 390
-576 -593 566
-596 -744 517
8 -622 178
684 -23 212
-316 -594 -394
639 -80 165
-567 -544 -366
-443 -694 -547
-385 -559 -484
740 47 157
655 -40 227
76 -756 139
-716 -651 557
-425 -682 -488
730 -14 37
-723 -653 329
561 -68 129
-332 -709 -388
665 134 192
-105 -615 269
627 44 161
151 -555 177
-467 -710 427
93 -813 253
724 106 178
573 -32 120
-115 -713 125
-714 -697 544
582 60 126
-593 -530 344
103 -580 245
-41 -607 157
-678 -623 380
-375 -785 -407
-445 -794 -426
727 159 31
539 83 241
-607 -780 562
608 -25 94
-490 -613 -392
756 98 233
607 36 230
-542 -764 484
-335 -758 -363
-589 -587 388
-711 -743 517
-475 -581 -575
-353 -741 -532
536 65 240
68 -600 351
-502 -572 542
-644 -705 401
-609 -782 340
617 115 68
-545 -606 -550
-586 -723 482
-438 -621 -583
-475 -673 583
650 112 12
110 -775 235
790 -60 13
563 -12 215
661 -14 56
-477 -648 -484
-318 -634 -422
154 -566 189
555 67 88
674 -20 42
-77 -673 113
-495 -588 -512
-387 -775 -431
-31 -636 214
-24 -588 315
666 122 139
-520 -673 -406
142 -686 211
-521 -597 354
768 -30 140
-101 -683 328
-341 -667 -441
109 -542 85
-439 -535 -341
-75 -801 301
-41 -710 262
-106 -625 295
-700 -638 466
-568 -721 -362
-522 -555 -403
-352 -689 -517
-103 -792 306
-305 -714 -448
754 159 194
153 -706 77
74 -790 243
-327 -591 -562
605 -52 45
-343 -574 -354
-456 -587 -390
768 -23 261
-480 -557 -417
575 -60 168
-565 -663 338
100 -813 152
-302 -612 -520
-358 -581 -467
689 64 79
-382 -569 -457
-538 -655 410
713 -58 96
-492 -607 -422
-712 -758 457
577 10 51
-481 -585 547
-493 -520 449
620 131 65
-476 -722 -380
716 -71 3
535 -23 251
-469 -724 -336
-553 -750 -563
-551 -729 -384
-423 -757 -421
623 -104 180
-333 -617 -498
-473 -552 414
-471 -562 -451
-711 -625 386
-547 -722 512
705 125 207
-19 -565 207
-568 -554 407
-342 -794 -553
76 -670 251
-29 -655 245
-37 -791 133
-714 -682 468
-456 -777 424
20 -745 154
577 129 79
-373 -726 -531
-550 -647 -437
-552 -685 401
586 137 233
-16 -637 346
118 -807 330
28 -577 179
13 -600 112
-61 -664 87
-548 -646 516
653 150 55
-32 -575 229
-76 -728 240
-552 -694 362
-552 -605 -450
591 85 101
-358 -566 -478
-340 -746 -550
-497 -772 -556
-562 -574 406
121 -805 330
600 48 252
-519 -687 -383
-479 -671 -459
142 -659 78
-552 -588 -432
98 -662 300
81 -706 204
-34 -538 306
-491 -745 505
637 101 166
69 -552 77
592 22 121
564 161 148
155 -614 310
-420 -726 -359
-496 -742 -464
-15 -544 88
-96 -575 271
153 -584 282
717 -105 61
-517 -802 -463
-319 -573 -522
-571 -600 443
-306 -771 -582
762 96 190
-617 -721 417
799 -75 160
-43 -700 266
768 -21 129
154 -601 146
-695 -720 509
108 -773 304
-56 -693 227
-109 -665 252
-104 -747 167
571 -20 -6
716 -77 154
-311 -687 -462
140 -724 346
-530 -572 471
34 -688 302
-506 -640 322
-516 -509 334
-386 -555 -556
-369 -709 -434
-47 -628 193
121 -750 85
544 162 134
663 -83 46
630 -106 107
-704 -627 535
-540 -742 350
-84 -794 185
123 -675 207
800 -18 166
131 -628 323
-53 -643 330
-548 -795 -328
584 -7 244
721 0 23
-539 -695 -439
-540 -645 320
-579 -506 445
695 -101 124
620 141 211
-725 -580 309
-561 -525 375
-46 -666 148
-531 -626 -405
591 -106 131
-53 -596 319
689 -4 223
-666 -763 404
-502 -752 -541
-74 -688 286
-61 -787 260
728 149 97
92 -687 314
-681 -703 473
-497 -718 529
797 -87 234
-391 -744 -413
-664 -591 412
-654 -586 435
-554 -736 -449
668 -75 0
-417 -594 -561
-370 -636 -442
-470 -667 -422
-404 -706 -387
804 140 133
-601 -631 467
641 39 10
560 74 16
-528 -769 -385
113 -631 320
533 8 46
628 -51 27
604 168 241
650 7 60
-572 -736 -517
-36 -582 259
571 -3 58
-69 -779 326
99 -769 158
111 -760 92
-576 -601 -527
-514 -624 -417
-351 -562 -397
774 106 211
-643 -720 441
-431 -646 -530
-590 -638 404
-302 -625 -334
-96 -730 83
-502 -705 431
-18 -563 232
93 -720 245
-563 -556 527
-530 -670 515
697 74 248
-556 -648 471
-379 -591 -443
-544 -677 -427
-113 -817 306
8 -779 338
741 -107 244
695 133 169
623 44 31
72 -814 279
637 -35 218
145 -712 130
535 135 190
149 -776 77
705 -36 168
-51 -772 257
653 -68 246
-519 -732 465
-397 -611 -334
-484 -584 -398
-376 -697 -389
803 -66 155
-24 -646 195
116 -728 239
-604 -746 549
-419 -624 -577
589 116 53
684 -58 7
-631 -651 538
701 156 122
-453 -553 -583
565 -13 233
-579 -701 522
757 -68 257
-417 -554 -467
-515 -773 533
1 -557 315
-11 -659 110
579 18 144
-573 -749 -515
684 155 186
734 -81 39
558 -88 -6
-59 -596 228
-581 -603 329
-345 -731 -457
100 -761 308
-14 -796 208
95 -577 129
-536 -599 -333
-456 -795 -430
712 62 220
593 -86 148
638 11 106
639 40 140
-597 -613 477
747 65 17
637 71 202
-315 -804 -596
786 85 160
-339 -767 -503
96 -735 94
526 66 67
-425 -630 -520
582 -97 240
146 -607 115
-699 -508 446
33 -601 165
-489 -516 333
690 35 -12
-481 -543 427
-63 -780 349
-632 -698 412
690 23 180
-468 -688 -531
83 -578 163
757 124 46
529 64 69
-329 -774 -586
-519 -621 467
-459 -788 -452
640 126 213
-326 -648 -585
-322 -696 -351
125 -545 352
699 -76 16
65 -733 91
-40 -606 248
-491 -778 481
-367 -683 -440
-691 -600 496
-665 -743 330
-633 -663 510
-627 -523 402
-615 -704 571
788 30 0
-533 -719 -553
581 112 69
-463 -636 -498
630 67 -10
-69 -546 92
142 -554 113
71 -796 148
-517 -523 468
-88 -812 286
-602 -769 353
-447 -785 -374
699 -69 129
656 -5 -16
732 124 176
542 -40 15
-582 -665 471
151 -609 256
-603 -579 501
126 -716 293
-422 -562 -574
-509 -550 347
562 16 194
-340 -575 -537
-362 -792 -600
147 -541 329
-566 -780 491
-632 -606 479
695 146 209
75 -747 317
675 33 172
-494 -518 498
-496 -802 -528
-524 -517 313
-550 255 -545
-43 -654 318
-502 -602 532
638 88 125
-499 -724 501
-506 -613 517
-545 -577 -413
676 -95 172
-709 -699 422
-331 -758 -435
-649 -776 535
541 -69 12
-482 -570 -372
-529 -532 342
-362 -565 -392
-720 -506 442
151 -693 75
-468 -584 387
28 -675 320
638 120 262
-323 -672 -353
588 -6 257
605 -85 247
-655 -588 526
-640 -623 340
-61 -769 90
-47 -802 235
720 -88 6
51 -740 102
732 111 65
-492 -712 -552
15 -667 261
631 57 58
-651 -545 527
-513 -767 570
-38 -623 220
781 74 168
526 106 212
-496 -685 -334
-598 -508 408
-508 -791 -555
-637 -609 575
554 89 141
-499 -612 541
-308 -564 -490
-623 -662 393
538 84 94
699 161 43
-105 -811 126
-732 -663 570
-687 -757 352
-33 -722 332
-413 -662 -568
-401 -605 -565
8 -805 338
743 -26 123
-691 -785 386
-37 -537 133
116 -664 265
-553 -607 -510
19 -729 329
-516 -628 483
-568 -557 -373
552 160 17
645 38 91
-473 -554 -524
-540 -650 516
-98 -611 227
-452 -572 -443
-547 -555 -401
-454 -723 375
629 123 203
-481 -729 -430
-360 -572 -571
-578 -790 -438
11 -708 208
-15 -731 230
-491 -697 385
-472 -653 528
-575 -648 -353
-509 -570 509
-704 -529 409
-707 -631 397
-472 -661 -418
643 166 194
69 -562 324
-474 -784 413
-543 -739 -351
759 41 243
39 -591 241
573 -71 -15
-402 -543 -383
-340 -672 -509
-102 -742 127
-572 -772 552
-507 -583 516
-712 -507 416
740 156 -13
779 -43 88
-521 -794 -397
-451 -776 -396
796 128 168
743 -55 174
-648 -676 427
781 -34 124
-532 -619 559
-492 -564 -404
756 -95 57
-340 -789 -514
701 -56 76
-31 -694 100
-686 -547 568
649 -61 73
-474 -704 344
-506 -766 -603
-588 -569 433
738 76 43
-718 -755 330
702 -4 131
-462 -532 -438
-634 -705 564
-445 -543 -430
-511 -749 325
13 -783 317
-495 -544 540
-37 -708 167
-721 -755 327
-335 -683 -448
582 148 185
-708 -752 427
526 66 38
-98 -817 243
-28 -796 290
-336 -766 -589
561 125 114
726 -30 179
-538 -544 -538
-426 -788 -494
-386 -757 -333
720 -61 117
-52 -556 315
-31 -812 155
-328 -795 -517
-496 -535 313
-468 -798 -481
-509 -708 -493
797 -111 29
-380 -590 -544
-484 -681 342
25 -542 192
-514 -599 460
121 -580 165
-456 -746 -487
591 -46 162
117 -610 227
-490 -639 444
765 29 264
698 63 55
25 -627 228
652 -71 252
770 105 214
779 104 149
144 -614 329
134 -637 87
579 1 -7
-120 -752 302
-697 -606 407
-516 -578 514
-556 -567 -410
-628 -530 486
609 -4 170
106 -789 286
39 -791 155
-105 -776 327
566 6 69
52 -689 329
-553 -543 -566
-4 -764 149
-445 -718 -531
-567 -631 483
-606 -739 340
-597 -685 349
-649 -527 546
-509 -751 328
-380 -654 -388
-491 -588 307
-524 -562 -520
44 -614 210
118 -594 89
785 -29 100
-410 -562 -602
-588 -665 405
-522 -584 381
693 126 190
-550 -689 -582
557 22 22
-427 -662 -413
-323 -647 -354
628 -64 84
-532 -641 -530
652 78 244
-526 -772 539
-484 -662 -503
128 -622 123
664 31 40
584 86 175
-577 -733 321
-304 -559 -523
-15 -584 195
46 -599 249
-317 -560 -572
-11 -720 306
-117 -717 197
93 -708 144
12 -599 229
745 29 253
-350 -666 -413
-529 -627 496
-329 -677 -593
-499 -793 -494
793 43 194
535 -109 74
124 -778 290
130 -624 321
-44 -539 232
716 -24 126
-350 -644 -390
-673 -719 327
-557 -569 -498
32 -662 238
-336 -810 -514
-515 -741 507
-417 -656 -527
-588 -579 364
546 162 215
-542 -693 346
-435 -570 -495
-553 -709 320
-626 -675 571
-574 -565 383
717 -98 54
-395 -805 -460
-505 -637 -371
-674 -558 348
-29 -565 148
-521 -600 -578
-307 -627 -381
756 39 131
47 -593 311
-487 -604 -381
-729 -766 542
782 -85 101
-301 -627 -382
663 159 70
-514 -529 409
-695 -630 410
-715 -754 493
563 159 236
762 -47 200
-719 -679 399
-523 -639 316
753 -39 83
49 -769 292
527 -4 111
-461 -642 -457
-517 -661 552
-352 -709 -485
-445 -589 -488
-480 -683 -445
-439 -594 -477
37 -656 306
-70 -613 227
612 81 36
541 -94 18
-431 -781 -493
-494 -783 378
801 148 184
-493 -599 -409
-400 -785 -503
-310 -549 -474
-619 -521 530
667 69 130
120 -563 201
-56 -611 155
-30 -742 309
-545 -690 442
-359 -551 -385
-578 -527 461
-548 -745 439
-500 -636 531
689 105 50
-50 -653 351
-459 -784 -592
149 -539 158
556 -46 161
-475 -569 -525
671 34 221
-123 -635 309
114 -553 151
124 -701 198
537 9 98
-478 -578 -439
-33 -710 311
-469 -620 308
682 160 124
-303 -793 -557
696 -7 -16
578 -55 127
-692 -728 362
25 -703 85
-676 -608 312
-623 -581 371
4 -792 159
-385 -656 -393
719 -33 244
703 128 99
-514 -597 337
-541 -684 535
677 58 140
64 -817 186
620 93 109
156 -777 162
-633 -671 498
94 -762 283
-430 41 552
100 -624 154
-78 -574 238
-604 -569 477
593 39 2
141 -625 218
-107 -542 216
-525 -651 -462
-34 -729 169
-516 -764 -456
58 -572 173
658 95 133
570 38 224
574 91 35
-528 -646 -329
734 -74 36
687 161 211
562 34 167
16 -736 107
1 -686 80
622 -108 35
108 -607 125
644 -106 191
-460 -538 409
-535 -534 540
7 -814 76
-572 -551 -505
-664 -782 501
-566 -750 -451
-454 -765 -332
-331 -751 -423
-710 -584 333
718 76 10
612 -111 96
641 -104 48
-51 -806 182
-521 -603 -455
-589 -697 403
-710 -722 419
-504 -721 383
-529 -644 542
734 89 44
-570 -563 -340
-527 -672 497
623 -78 119
-26 -803 212
546 -110 5
711 29 -2
-717 -584 447
-587 -577 443
529 -90 65
-66 -770 131
-513 -721 526
-120 -723 245
657 -78 84
-469 -784 -330
59 -601 290
-411 -677 -584
-3 -663 100
-442 -747 -554
-321 -683 -475
-56 -773 120
645 46 125
-337 -713 -417
-4 -570 348
-336 -568 -330
-472 -627 -380
-553 -602 -431
768 126 180
15 -682 299
-493 -583 -538
-431 -712 -512
-517 -759 -330
621 -87 135
618 112 173
-478 -560 434
-679 -513 342
-540 -535 -399
-413 -738 -526
-617 -631 524
-485 -535 -554
64 -716 86
613 131 5
-504 -715 331
-363 -710 -417
72 -786 95
132 -559 250
537 144 172
-366 -531 -415
-469 -544 -405
-574 -706 542
575 153 209
-571 -614 387
33 -599 120
-535 -778 550
-447 -601 -489
-541 -610 581
-392 -753 -386
719 154 142
-522 -617 -549
673 83 205
-719 -587 348
-423 -763 -589
-520 -778 -532
790 -31 92
802 -17 46
130 -653 321
-22 -710 320
543 161 156
745 -86 29
794 95 19
-546 -631 344
-690 -701 392
-356 -579 -542
553 137 38
119 -668 178
111 -737 257
77 -610 110
-476 -567 390
-306 -574 -600
-313 -754 -546
-541 -656 -580
726 52 176
-548 -672 318
-587 -677 579
-707 -509 428
-521 -558 535
696 100 195
583 -98 -15
38 -597 280
-36 -731 130
593 151 139
-588 -735 563
-94 -752 207
-505 -789 -445
-510 -780 -482
716 163 179
-369 -719 -438
590 146 136
-116 -788 276
74 -605 282
136 -773 264
29 -745 247
-635 -679 513
-497 -792 -369
-509 -669 309
-62 -589 237
-454 -661 366
-49 -569 214
59 -615 120
663 1 201
-525 -756 313
154 -674 147
-590 -578 478
79 -589 191
-101 -691 117
-729 -591 459
-481 -698 -331
657 -54 43
-31 -766 122
62 -697 244
-515 -703 -489
-730 -550 454
-532 -554 389
21 -799 96
-17 -616 273
621 -74 55
-471 -654 -365
-558 -701 -584
-432 -713 -547
120 -687 134
-611 -576 419
-474 -695 440
111 -790 75
125 -684 278
640 162 160
-627 -516 514
-458 -613 327
-705 -725 547
79 -741 167
-618 -612 401
587 -90 203
689 0 240
785 -70 -11
758 132 221
736 -90 184
575 121 88
-458 -782 499
785 -111 239
-69 -651 331
758 111 251
51 -651 342
-2 -809 305
772 98 204
28 -664 80
613 117 258
-457 -776 -583
640 -44 99
-424 -613 -493
-551 -546 460
759 93 215
-77 -563 98
-423 -713 -578
-520 -662 517
-728 -773 456
-728 -627 568
-285 193 -652
-93 -639 153
-419 -784 -345
-71 -574 199
-397 -675 -364
-356 -761 -605
-548 -630 -348
739 110 96
-542 -738 576
-510 -599 418
-75 -809 176
592 162 164
622 -72 228
-533 -562 326
782 70 207
89 -608 130
-112 -563 171
683 94 185
-349 -542 -591
-554 -761 -375
-534 -731 463
50 -549 151
141 -692 293
713 144 89
642 -34 243
-401 -555 -469
70 -679 150
704 72 30
780 -27 -1
-480 -681 400
-574 -664 -572
-511 -565 551
-499 -584 436
-568 -619 -337
-465 -731 -502
-493 -752 -402
-396 -575 -488
778 126 253
-511 -776 -443
595 90 32
40 -646 174
96 -641 274
-540 -804 -363
155 -541 318
617 -49 146
562 -91 78
-685 -557 526
803 85 261
562 -4 261
732 -41 78
-403 -735 -347
23 -548 104
26 -635 111
-604 -740 520
531 -5 100
-453 -644 574
19 -728 110
-18 -610 174
-712 -776 576
739 161 39
-731 -664 313
-374 -799 -422
-113 -788 342
9 -748 159
-505 -750 -571
-548 -650 -589
-615 -628 412
720 -80 69
-109 -645 327
-587 -564 470
-510 -518 430
6 -674 75
-380 -772 -359
-510 -570 426
-443 -550 -577
597 92 46
716 114 17
-632 -572 505
-526 -511 560
543 -90 180
570 -10 184
-113 -639 152
707 2 105
-86 -703 183
-583 -664 427
-488 -633 316
-667 -699 516
-357 -534 -357
-459 -698 -480
-649 -649 571
-464 -637 415
64 -627 123
-557 -605 409
107 -734 188
-41 -760 78
-420 -773 -383
-319 -694 -440
-648 -663 366
791 2 181
-518 -766 -498
-57 -650 158
683 46 143
93 -587 123
534 156 73
81 -810 342
-559 -624 -382
718 7 261
93 -751 97
108 -665 288
707 45 39
-87 -756 352
-719 -732 498
-539 -506 361
694 67 68
-605 -637 510
561 -74 134
-685 -600 407
-393 -713 -562
-535 -673 -511
-626 -782 417
-86 -647 116
-462 -641 324
86 -568 139
51 -730 247
-432 -738 -573
60 -787 116
716 -83 151
-689 -537 521
-511 -777 563
665 165 58
-561 -596 -542
-20 -670 207
-630 -723 309
-487 -706 -522
143 -651 267
675 -90 3
-553 -613 -546
-427 -736 -489
659 -41 41
798 -18 137
-29 -649 303
-414 -621 -355
-548 -773 -467
38 -582 107
-622 -615 340
-64 -614 112
546 -15 139
-60 -587 240
-475 -629 -572
72 -607 216
-117 -663 165
-484 -672 365
-636 -705 410
-50 -540 120
-677 -640 393
18 -760 172
579 71 41
-686 -785 331
20 -652 216
-460 -759 374
-615 -588 557
-674 -633 400
-699 -695 352
27 -565 126
-666 -516 503
-117 -600 263
-548 -627 -483
-523 -701 495
783 123 170
-701 -656 323
791 33 7
-463 -740 -348
-644 -705 417
-91 -761 262
781 -17 168
-18 -646 181
93 -693 170
-97 -755 98
-571 -548 -599
-329 -564 -497
-558 -729 -358
-39 -576 146
729 -62 1
-617 -706 520
-481 -583 513
62 -615 139
765 166 239
54 -575 133
-651 -529 319
77 -770 311
-354 -591 -557
-509 -571 -528
-602 -747 574
-430 -701 -401
-63 -586 132
571 52 263
-513 -712 356
757 10 196
77 -745 275
-632 -509 429
742 -46 52
95 -723 118
790 118 210
-537 -561 447
-68 -578 192
790 -18 180
118 -725 108
-98 -648 280
27 -581 337
-545 -605 387
694 -95 -3
-495 -640 486
-444 -724 -503
-83 -770 239
-726 -739 406
-9 -788 190
145 -795 351
534 134 213
-616 -742 369
-464 -745 -603
-499 -626 526
-700 -612 428
-35 -696 110
-332 -629 -507
-527 -758 -561
-25 -673 148
-505 -549 -381
3 -783 220
-476 -618 501
-409 -668 -402
-531 -752 539
-118 -662 241
-555 -709 384
704 -88 4
72 -700 290
-633 -601 558
-515 -704 -444
97 -685 208
-560 -548 -530
-603 -568 499
-343 -670 -560
-498 -750 -337
750 -58 151
67 -571 159
4 -759 178
634 93 31
-25 -548 339
-85 -814 251
-45 -738 284
737 39 75
554 -19 192
-101 -663 206
794 -17 201
-370 -791 -409
771 31 242
-520 -697 512
-74 -653 331
-20 -633 166
757 63 253
-307 -643 -475
62 -714 249
-20 -742 256
443 244 295
-57 -659 178
-77 -663 316
-559 -518 427
-336 -606 -376
730 66 89
113 -739 306
-546 -517 469
-518 -772 -419
-589 -586 389
755 46 91
-458 -512 347
791 144 136
-576 -524 452
125 -643 297
-121 -742 298
726 75 -10
-503 -758 437
-479 -572 -350
-722 -513 459
-465 -725 -500
-541 -774 -528
-437 -744 -563
-367 -571 -502
-693 -595 492
-572 -670 557
690 148 127
-56 -755 323
-488 -699 412
-549 -592 -350
-380 -569 -546
725 -111 121
-454 -542 -411
134 -730 153
643 103 25
-512 -716 324
-357 -753 -331
-469 -754 -469
-478 -567 317
588 -33 187
696 36 1
-455 -544 -351
44 -549 149
-496 -564 -419
78 -731 268
-44 -608 263
-363 -712 -544
709 44 183
671 148 92
-119 -725 282
-449 -604 -580
-458 -664 323
-592 -716 525
-555 -781 472
-547 -567 427
90 -744 258
-646 -727 463
-400 -776 -487
2 -806 175
-354 -655 -566
702 -48 108
710 150 172
-491 -527 394
712 -66 -8
-524 -555 327
655 -44 136
-575 -782 454
-50 -542 304
-627 -768 316
-528 -652 -512
686 112 4
-355 -690 -550
-75 -816 168
-532 -566 334
696 -61 107
-461 -647 -566
-347 -593 -423
-300 -767 -355
572 -64 180
-540 -517 482
688 105 189
-475 -674 461
-595 -756 558
-559 -729 376
-471 -529 553
727 110 218
577 -25 248
675 122 62
777 59 143
148 -740 350
-310 -602 -498
-40 -713 212
705 -45 190
-14 -740 315
86 -744 112
-652 -712 312
-472 -555 -548
758 29 11
-520 -677 -583
731 -29 157
675 -15 254
731 -54 -13
-461 -629 -439
81 -627 147
-708 -751 404
565 -19 3
78 -712 338
-9 -751 136
-552 -603 525
91 -602 122
-632 -760 327
578 116 105
781 -102 -6
137 -806 107
-81 -717 181
787 -39 17
716 130 66
688 158 246
-453 -628 -501
679 66 184
-314 -691 -381
-516 -724 555
-552 -633 403
-513 -770 385
659 -95 162
-78 -557 166
-443 -574 -363
-330 -565 -474
23 -629 310
-690 -539 458
804 -22 130
-302 -776 -545
-684 -524 427
-398 -686 -352
-38 -697 224
-370 -661 -576
-573 -635 -491
540 -106 161
106 -767 219
-494 -602 -572
-697 -622 489
719 -7 242
-648 -731 450
-517 -523 426
-686 -588 469
802 -42 113
-607 -733 419
-459 -606 -547
-474 -639 560
87 -594 157
-573 -653 -601
154 -549 82
-395 -639 -373
-13 -704 206
705 147 45
-432 -772 -537
-471 -549 -387
-573 -748 537
-531 -810 -479
663 129 57
81 -745 194
92 -730 122
54 -610 349
-454 -557 552
-455 -699 -563
-629 -655 455
-690 -593 460
-610 -657 428
743 16 -12
545 104 197
-15 -707 95
805 31 15
-507 -651 -490
-22 -761 210
-604 -767 542
-41 -566 225
44 -576 271
-568 -658 -550
787 30 250
584 155 99
-346 -555 -484
-6 -541 121
-2 -811 353
-660 -656 539
-723 -616 412
637 -31 0
30 -649 114
690 -43 61
570 -50 -15
654 39 190
724 105 -13
146 -559 237
-675 -741 320
-377 -753 -459
-472 -774 -481
105 -607 238
776 133 216
646 -111 28
-583 -750 552
-722 -779 510
776 141 231
-547 -745 460
22 -694 349
59 -563 163
-707 -626 401
603 21 246
-559 -678 -447
-655 -570 431
-666 -607 454
708 132 185
-91 -537 104
-365 -689 -373
-75 -705 267
718 99 67
-480 -628 466
-653 -628 457
-490 -772 -430
-124 -605 227
-488 -548 310
142 -593 82
-122 -585 110
79 -613 152
-74 -712 189
614 -54 187
-533 -638 -598
-578 -533 411
90 -612 260
652 -11 205
125 -765 337
-322 -565 -427
-302 -662 -595
-556 -749 -426
-561 -515 437
-636 -609 386
-548 -694 535
608 -6 228
-532 -799 -449
-532 -688 315
642 139 44
686 67 223
-335 -580 -372
632 -53 83
595 -12 93
-508 -745 -535
-74 -562 238
-301 -665 -564
-115 -726 257
587 52 51
90 -733 130
-1 -622 329
660 57 220
-113 -649 239
711 48 263
708 -14 17
-570 -627 -421
-542 -685 462
-685 -574 544
-53 -544 105
532 -86 250
-389 -752 -595
-591 -654 432
-463 -736 -551
-498 -690 -595
-416 -768 -454
-381 -735 -604
-540 -514 370
-321 -667 -352
83 -809 340
-713 -553 350
697 136 241
-617 -693 548
58 -539 248
-679 -733 576
-691 -573 407
632 -14 252
-634 -769 339
102 -573 248
748 127 55
-441 -618 -497
142 -764 344
747 160 168
12 -689 280
-473 -732 -564
-462 -746 -333
-460 -769 328
-607 -770 493
658 30 148
-123 -722 303
-572 -718 311
-546 -737 -466
-597 -590 462
-668 -733 335
732 158 252
-616 -697 327
542 102 197
-696 -617 449
-541 -723 320
-473 -630 309
7 -538 224
-573 -778 -534
636 33 -9
-389 -722 -535
90 -670 254
72 -753 254
-461 -660 -479
-333 -720 -506
-64 -697 186
597 -9 54
-386 -617 -357
-479 -740 565
32 -760 228
-576 -606 541
-312 -586 -477
-3 -669 119
567 106 242
-368 -779 -392
-708 -542 421
753 40 7
-71 -611 341
-526 -746 527
-591 -619 343
-592 -615 553
-11 -676 299
38 -618 162
796 91 7
665 148 247
-43 -643 313
54 -672 339
87 -751 100
664 144 97
-51 -544 286
-651 -777 408
-733 -588 337
-560 -696 -471
786 91 58
-485 -795 -401
602 127 220
-505 -639 428
-305 -747 -392
-551 -595 -539
-510 -769 -450
-532 -586 455
-648 -654 574
-559 -562 -577
577 -41 75
153 -776 276
-53 -544 309
543 87 -2
-598 -729 494
-301 -714 -459
156 -632 188
-698 -657 354
-346 -763 -466
67 -808 270
-418 -575 -580
-732 -667 321
-403 -775 -599
-485 -635 -442
97 -713 212
-60 -546 245
-557 -599 357
-585 -590 416
574 -93 248
724 73 -7
569 -19 107
771 65 40
-704 -619 347
-464 -622 507
62 -681 303
-316 -773 -347
22 -596 177
-545 -609 -396
763 -83 166
-116 -763 243
-524 -532 -369
-655 -521 507
93 -699 348
25 -775 279
796 145 86
650 149 243
-90 -555 247
14 -801 348
702 -77 235
-384 -784 -472
-603 -775 507
545 -19 48
19 -693 249
-626 -667 582
149 -811 153
-528 -578 -533
-635 -761 476
797 22 165
-21 -758 315
-691 -563 358
-482 -594 437
-589 -592 490
-2 -577 190
-30 -610 107
-468 -524 468
-72 -789 248
115 -720 243
541 165 173
-569 -646 544
-566 -771 -474
-306 -570 -571
800 100 215
637 25 170
-529 -521 383
-385 -553 -467
-371 -625 -587
-418 -604 -487
-630 -595 469
-386 -559 -493
-558 -654 400
-487 -618 566
539 114 258
-570 -700 522
-423 -808 -556
86 -700 341
-78 -609 198
18 -629 83
-79 -810 252
-549 -705 537
-92 -633 80
66 -780 240
-705 -675 368
-408 -782 -364
-526 -546 -502
-316 -688 -544
31 -723 352
-447 -670 -422
-544 -741 -517
-511 -660 479
756 153 -2
761 -64 147
568 -57 226
-728 -634 307
662 46 199
-516 -567 373
-87 -807 203
-112 -642 296
-675 -656 491
-339 -797 -433
-312 -647 -483
653 153 170
-655 -672 509
-359 -647 -536
-463 -552 -334
130 -631 122
608 106 19
-368 -564 -397
-349 -810 -524
-698 -715 587
-574 -548 522
128 -550 298
0 -759 349
707 74 177
-573 -606 -493
-523 -779 -470
-38 -674 294
-300 -740 -565
76 -683 219
-385 -648 -575
654 -16 3
-114 -805 199
-445 -647 -553
-389 -758 -564
673 60 210
-123 -548 131
718 -71 1
-486 -741 312
68 -771 105
-681 -528 556
590 -23 65
64 -632 85
-480 -753 -574
-337 -808 -351
-573 -576 348
-366 -629 -480
-458 -577 -501
-554 -585 313
586 -38 69
712 75 74
-656 -706 496
-567 -726 -375
-691 -532 504
-15 -707 134
91 -792 220
-593 -732 346
-496 -651 380
-708 -728 480
119 -623 297
655 -56 117
-545 -614 -447
644 -99 251
-562 -717 -383
563 116 -5
13 -575 102
-430 -791 -574
-460 -608 308
-102 -618 285
-1 -578 349
-645 -680 502
92 -750 309
-361 -678 -503
578 26 91
-468 -671 -563
-704 -676 409
55 -711 174
-79 -585 213
-515 -560 -329
-659 -519 370
-45 -807 162
-96 -735 327
742 -62 202
-570 -650 -583
613 -37 209
-334 -772 -436
-550 -549 359
702 79 59
-573 -542 -344
-656 -507 420
-542 -671 -365
-527 -761 431
-43 -715 303
62 -609 206
49 -667 154
-650 -637 435
-540 -557 -511
-471 -631 573
-428 -630 -399
39 -743 343
92 -690 310
-561 -675 583
64 -712 85
38 -711 125
-371 -664 -365
92 -762 243
717 74 245
-512 -599 464
-476 -573 402
-574 -621 -415
613 38 16
780 124 217
1 -584 244
-34 -661 126
98 -557 239
-668 -614 544
73 -752 338
540 64 176
-348 -684 -510
-377 -532 -386
602 156 92
9 -602 135
700 -77 120
734 73 23
-560 -657 402
-310 -775 -419
652 28 254
-553 -612 -562
588 -77 172
-390 -593 -481
-501 -620 -412
603 -36 -13
-700 -786 531
593 23 239
-501 -534 554
714 -35 83
-84 -718 188
-562 -624 -381
555 -88 39
-551 -596 -375
-322 -691 -559
-319 -809 -574
-40 -632 205
43 -676 269
745 164 242
738 -40 203
49 -560 328
140 -708 253
-84 -816 93
-547 -727 -382
798 -106 218
-337 -553 -453
697 -43 218
-417 -715 -409
619 -91 43
-402 -729 -449
-517 -762 -368
561 74 39
-3 -569 74
-479 -551 -410
-632 -777 416
-635 -666 486
145 -638 259
558 109 51
-16 -654 100
-472 -551 -481
-449 -652 -386
603 156 90
741 -104 94
627 -84 15
777 38 158
-479 -750 -364
-732 -729 322
572 -111 137
-73 -806 340
-646 -738 342
-468 -765 -566
-55 -812 323
-370 -696 -595
741 12 -16
-402 -610 -349
92 -617 321
-569 -670 333
-527 -702 459
-81 -617 107
-521 -780 -526
713 41 162
-487 -624 -368
154 -670 225
-609 -604 535
687 -32 35
-120 -748 182
786 125 140
674 157 147
151 -678 180
589 106 149
-25 -719 264
-456 -525 468
-63 -734 226
-475 -531 -603
99 -758 127
-399 -626 -550
-591 -732 377
797 41 82
22 -720 126
-17 -740 295
42 -763 213
534 97 250
612 -27 259
710 98 173
-429 -802 -605
-528 -767 483
-491 -631 525
106 -704 110
-464 -554 -384
-30 -560 95
-699 -519 562
147 -577 161
-11 -778 209
778 -35 164
-564 -514 560
-38 -692 174
-305 -555 -476
-543 -661 -538
-443 -536 -524
-626 -767 502
790 29 41
-548 -721 551
578 25 227
713 18 124
-503 -727 -420
795 128 193
-472 -508 571
-570 -580 -457
-681 -697 318
-534 -613 362
731 14 255
-480 -717 391
76 -817 340
-610 -699 357
640 21 93
-713 -661 352
-403 -577 -366
69 -568 290
67 -551 110
-335 -782 -501
-529 -555 341
-36 -735 110
38 -673 260
-546 -523 349
-408 -642 -526
-78 -750 165
590 43 79
545 -70 130
-644 -558 434
532 114 224
-510 -790 -564
-502 -759 -374
797 14 14
-86 -604 111
-299 -541 -398
652 -27 38
-3 -708 259
746 99 160
-717 -555 321
528 3 174
693 -36 115
-108 -792 202
565 126 33
535 8 197
-336 -728 -497
-374 -621 -392
-427 -608 -542
598 -41 106
-654 -727 451
546 0 241
10 -648 168
14 -600 183
-440 -538 -421
797 47 199
-541 -647 -329
-552 -537 330
651 -25 205
155 -742 98
-648 -707 504
-370 -762 -402
621 159 89
-692 -510 317
-466 -510 563
-482 -667 -498
-320 -672 -480
-382 -563 -566
-361 -717 -379
-358 -781 -592
661 28 204
-494 -568 389
-485 -629 -348
-112 -556 312
-300 -775 -513
-39 -678 165
-124 -712 298
576 -20 20
54 -778 280
-432 -653 -524
-596 -696 522
625 -86 257
-585 -671 453
-574 -629 -494
-693 -663 425
17 -580 300
-453 -657 469
-453 -641 -603
-709 -677 452
106 -561 136
734 149 -7
-417 -789 -581
78 -730 331
-517 -735 415
-376 -793 -348
-346 -692 -439
-390 -631 -573
-680 -781 571
-523 -567 458
-541 -539 -331
-597 -601 455
-497 -523 541
-460 -546 320
-705 -527 340
-372 -601 -366
113 -743 329
563 30 120
527 76 76
579 30 256
-548 -658 -401
-531 -735 -505
134 -778 110
-34 -761 90
70 -635 198
-113 -795 165
-689 -727 514
-694 -713 531
93 -685 122
-23 -725 206
-390 -574 -371
-611 -723 336
547 -59 126
-671 -526 321
733 -86 -10
756 -98 192
6 -568 321
23 -797 105
112 -556 293
129 -775 312
-497 -655 -454
781 -47 147
-398 -800 -555
56 -794 247
745 128 1
67 -760 264
686 69 224
694 1 187
9 -630 157
756 94 150
-646 -538 325
776 -104 198
-653 -537 371
-375 -565 -475
-91 -595 351
-518 -701 -583
-322 -610 -417
-715 -520 466
-559 -773 -391
72 -738 256
-624 -514 559
-122 -633 289
693 102 157
-75 -568 148
630 -34 111
771 -43 76
-86 -719 282
-725 -700 513
-526 -767 413
-527 -669 344
-517 -639 -590
750 168 122
580 -11 222
-594 -551 331
767 -37 178
-59 -795 164
-564 -682 -472
804 -88 42
-389 -744 -582
605 42 186
-661 -557 375
91 -594 154
-623 -676 420
-480 -663 425
722 -110 77
792 -37 36
753 -63 143
705 16 135
-338 -657 -339
138 -647 101
-342 -531 -400
-27 -604 258
-112 -675 85
544 150 40
608 -85 40
-512 -769 -580
85 -783 228
-670 -616 433
577 -44 0
-689 -654 396
-625 -730 494
-723 -723 328
525 15 257
-18 -735 350
572 -78 245
-476 -585 429
-561 -678 -347
-522 -717 475
-342 -537 -391
101 -805 172
-67 -739 224
97 -585 171
129 -755 89
749 -60 226
-491 -660 -552
-65 -688 298
69 -563 86
-578 -635 488
678 43 101
735 132 167
-690 -599 534
-346 -756 -499
-578 -635 425
-513 -643 451
-481 -634 -595
19 -694 318
-124 -780 282
-436 -732 -332
-407 -551 -338
-418 -612 -434
65 -812 196
-720 -578 487
-315 -613 -583
-353 -788 -511
-480 -520 378
672 122 165
723 165 157
-491 -667 567
620 159 255
20 -638 211
-530 -704 -360
-467 -738 -519
768 -9 96
-681 -568 479
79 -784 196
-563 -707 310
749 34 1
-633 -721 520
-37 -741 194
614 127 -3
41 -548 135
652 -5 134
-49 -669 260
-412 -796 -595
-333 -773 -379
-557 -700 -579
-459 -673 -447
542 -74 77
-490 -537 312
-703 -613 504
-576 -538 341
-314 -542 -468
-325 -735 -346
-109 -668 215
766 2 261
-427 -635 -549
-338 -555 -564
-110 -756 290
-26 -810 325
610 162 60
735 -87 229
-312 -788 -602
-476 -550 -432
37 -741 140
626 -38 167
-688 -600 524
-51 -628 170
593 75 167
151 -798 348
-600 -603 515
735 92 31
135 -738 353
-383 -788 -572
-97 -749 303
97 -554 198
-419 -635 -595
551 25 244
-577 -554 381
-488 -757 423
-479 -723 -430
98 -769 260
-696 -718 473
590 -106 86
-494 -593 -374
-96 -600 212
-34 -640 276
-629 -612 547
738 -33 46
636 -81 26
-342 -719 -535
587 -26 200
-345 -662 -426
656 48 133
-111 -563 144
-459 -750 526
146 -629 296
-592 -667 508
729 -23 160
639 -52 41
-458 -696 579
631 -50 8
-729 -726 535
656 -38 106
-361 -798 -482
6 -736 190
664 28 127
15 -808 201
676 57 -8
-472 -564 314
-674 -545 482
-450 -758 -471
15 -709 303
-308 -584 -530
-521 -559 462
-560 -676 499
562 95 187
-305 -621 -559
47 -796 284
38 -690 251
-467 -786 -365
723 65 164
118 -581 115
-494 -760 -478
-55 -603 305
-712 -522 511
-540 -563 561
680 17 170
564 -107 160
-458 -763 339
732 82 101
556 153 164
8 -713 311
734 -49 -4
648 11 81
-11 -722 252
734 -101 211
-96 -700 319
-626 -529 422
541 45 224
-676 -776 388
-459 -662 -385
-688 -510 404
681 -83 193
-502 -757 405
657 144 115
-565 -625 -358
-573 -542 421
-25 -721 174
-100 -701 319
662 6 50
-629 -676 449
131 -631 346
-455 -547 -421
-546 -712 -552
-707 -716 393
-567 -735 388
-501 -536 414
-458 -560 351
-36 -612 279
150 -674 286
563 24 100
-327 -586 -436
-599 -635 313
-520 -713 441
-523 -621 361
747 -57 186
83 -788 347
-456 -568 -358
620 139 199
105 -665 97
-513 -729 308
623 -39 207
-434 -744 -599
558 148 127
631 65 172
726 137 222
-557 -651 470
-587 -525 393
-490 -600 -400
555 64 40
602 162 34
-81 -759 236
-341 -756 -520
51 -716 307
611 148 214
60 -779 210
-424 -551 -326
-392 -753 -555
-105 -612 317
-678 -716 408
-482 -626 -577
-303 -532 -442
79 -574 326
-713 -599 432
-497 -601 -477
-313 -682 -346
-663 -657 447
547 165 217
23 -593 208
-713 -755 573
-573 -542 479
642 -107 79
-575 -758 407
753 133 79
549 148 177
45 -575 342
-476 -760 -464
46 -675 123
-355 -563 -444
-501 -776 563
-594 -611 546
-567 -697 -387
-443 -568 -424
-709 -661 407
-79 -572 249
-416 -627 -365
-459 -625 -531
-710 -590 563
-539 -776 -443
-468 -517 345
763 42 26
-115 -737 173
-8 -732 94
699 155 9
-507 -585 -525
-733 -518 573
108 -616 210
-34 -584 298
562 79 28
-548 -588 405
-120 -554 251
-304 -596 -524
673 -87 90
-435 -795 -377
582 32 185
-429 -708 -484
-418 -550 -395
-685 -691 498
-78 -640 333
134 -646 156
-316 -785 -368
-408 -751 -345
-347 -637 -473
-731 -729 532
602 126 170
-672 -666 572
-328 -789 -443
-70 -701 189
-536 -811 -338
6 -607 327
-24 -794 241
711 -15 225
612 148 4
-477 -598 339
-663 -741 323
-605 -531 453
-107 -541 349
-379 -541 -328
784 111 48
689 -111 205
-541 -705 -553
-561 -553 349
-586 -639 352
761 -106 62
150 -773 150
-484 -611 -465
-361 -654 -573
-520 -526 532
750 -55 219
137 -545 175
743 -31 59
-380 -721 -410
732 89 234
-702 -681 324
704 136 137
-578 -666 583
77 -741 212
-559 -614 375
-707 -549 334
6 -809 117
-422 -557 -489
549 -23 128
-66 -630 335
-599 -761 383
627 -19 -4
688 12 254
103 -695 107
-40 -788 146
566 -60 177
-416 -543 -452
534 -21 236
-685 -750 470
-25 -604 97
-653 -574 310
-491 -610 -528
793 121 204
767 -95 52
-521 -704 -535
-561 -762 -477
-299 -551 -603
-379 -573 -448
-699 -762 542
553 73 61
126 -604 74
762 124 59
620 -42 -7
-382 -591 -599
636 134 152
21 -697 118
772 -103 191
-335 -715 -336
-31 -625 209
-37 -605 187
105 -745 306
22 -627 297
552 24 71
751 165 209
700 41 156
664 78 244
133 -697 332
-469 -725 -581
673 89 111
-488 -586 455
650 47 203
-473 -523 418
-691 -712 367
-392 -620 -490
87 -696 245
663 97 43
561 86 63
-421 -604 -395
-651 -524 323
-664 -747 420
-517 -525 530
-307 -784 -483
-497 -691 307
-406 -586 -586
-13 -596 199
-455 -510 328
-465 -769 -501
-533 -660 -342
764 108 170
780 158 -15
621 32 56
-658 -716 547
696 108 38
105 -635 124
-371 -702 -392
-59 -605 77
-379 -725 -404
56 -720 329
-558 -574 460
149 -670 122
537 106 252
-43 -573 141
-328 -711 -551
-621 -642 476
-523 -650 478
49 -588 185
783 -13 124
614 27 189
-16 -654 85
-613 -650 542
-520 -652 -423
-56 -679 77
-476 -567 -552
715 166 19
-573 -564 -496
754 62 83
-314 -675 -325
123 -691 84
-336 -673 -422
671 43 146
-425 -764 -377
-721 -741 534
138 -680 89
-563 -593 557
-539 -778 552
693 147 151
740 45 108
-712 -743 478
-120 -593 131
-574 -709 366
79 -657 279
-339 -794 -345
-638 -591 559
-682 -654 534
-521 -564 -483
-724 -508 427
115 -811 91
-498 -751 358
-423 -783 -503
-9 -631 143
-670 -726 509
-123 -810 79
-68 -809 118
630 -104 108
-488 -752 419
-518 -547 489
-509 -763 -557
559 -14 103
765 -65 198
-548 -615 -580
-77 -813 144
-516 -535 -328
781 -90 147
782 -92 30
-526 -668 444
85 -695 76
-420 -698 -559
-557 -686 362
630 146 114
707 -61 88
-12 -722 171
-618 -776 436
-603 -602 344
-693 -689 436
-576 -790 -426
21 -696 141
-528 -645 393
529 29 2
139 -667 286
718 -29 61
126 -538 121
-2 -542 225
607 -25 225
689 122 210
610 90 81
-18 -654 267
-337 -687 -423
-351 -789 -589
-57 -633 317
-392 -730 -507
-547 -592 337
-667 -551 434
547 107 136
-458 -617 583
-304 -762 -533
-656 -620 422
-81 -772 186
-721 -747 468
-490 -697 433
642 -14 109
788 -51 90
-532 -763 -512
-514 -552 -378
615 -22 258
-421 -640 -595
775 38 195
138 -553 140
685 3 255
3 -646 311
793 68 240
-569 -782 310
805 -92 132
-554 -664 569
-341 -666 -569
607 151 82
-520 -539 -390
-366 -540 -432
-654 -651 367
-16 -776 281
-116 -634 344
-359 -712 -453
-466 -783 -443
-3 -613 90
594 64 27
596 -109 38
725 74 184
-523 -756 373
48 -709 348
-491 -806 -556
-104 -691 288
-442 -794 -496
25 -649 336
-63 -683 182
-372 -677 -329
-41 -777 278
-492 -686 364
24 -627 92
731 168 228
91 -808 220
-634 -664 356
562 -28 245
-64 -572 132
-57 -646 318
-543 -506 469
594 95 30
-483 -602 386
605 125 249
-485 -663 -346
-46 -694 91
751 16 -6
-487 -543 -441
-457 -548 404
106 -539 110
703 30 63
46 -799 326
568 41 134
658 -108 42
-110 -704 212
-556 -655 -507
-339 -579 -567
-397 -721 -538
50 -544 235
667 25 42
136 -690 175
-486 -613 -526
759 72 173
-52 -753 183
763 -35 59
-57 -610 272
-592 -747 571
-463 -795 -533
575 27 43
-705 -522 394
113 -637 330
-675 -558 402
-641 -615 430
-496 -626 -553
561 35 73
-445 -557 -422
-733 -758 448
-623 -548 543
637 125 165
766 72 168
39 -757 286
537 27 161
-122 -543 114
791 81 182
710 115 11
-120 -736 135
728 141 28
688 107 39
804 -58 197
641 -81 34
656 153 222
-697 -538 496
60 -678 85
-456 -771 -481
131 -657 214
-501 -795 -497
-485 -620 -325
129 -554 150
-526 -637 427
-542 -598 462
26 -591 177
91 -596 313
527 -76 93
-552 -672 -491
-117 -654 273
-586 -727 371
92 -789 202
-550 -585 -472
-448 -786 -326
-49 -561 306
-372 -676 -457
-633 -692 499
-84 -734 301
-91 -580 159
647 -3 35
-442 -797 -441
-504 -684 -555
-636 -554 319
-120 -575 322
-12 -763 346
-421 -793 -507
-494 -666 439
47 -594 260
744 90 229
-516 -652 -514
775 31 180
-656 -776 320
-538 -511 560
690 109 27
-378 -678 -429
14 -597 116
-27 -622 324
-521 -603 580
-673 -750 411
-463 -690 368
-489 -609 323
5 -694 91
525 144 13
-42 -813 119
-379 -769 -539
-610 -658 416
669 15 84
-336 -635 -343
-502 -764 -524
786 -50 25
-464 -651 -482
-463 -553 -592
712 66 206
791 115 159
118 -816 296
-113 -561 323
148 -774 332
533 -112 -12
-586 -633 522
-426 -554 -529
57 -806 352
135 -648 339
664 124 258
-503 -746 -480
701 -48 253
-43 -556 213
-40 -677 337
588 54 99
-523 -681 450
526 -83 263
551 -99 102
37 -798 240
-43 -554 174
-501 -633 -375
-467 -642 -344
-419 -645 -428
694 17 168
-488 -603 538
692 -48 106
644 96 80
690 -41 208
3 -655 139
-2 -708 145
621 82 126
-84 -719 181
66 -766 354
-32 -690 264
-385 -803 -416
-461 -567 382
51 -690 108
-314 -658 -355
738 44 162
693 36 140
-371 -739 -471
-512 -553 471
-424 -722 -363
-602 -704 352
-443 -534 -592
-1 -541 115
-459 -778 -439
-305 -776 -399
-414 -689 -366
-571 -671 323
-728 -612 450
619 -8 237
-469 -671 -480
-704 -553 401
527 -1 228
-519 -622 325
-309 -793 -591
-329 -674 -538
-50 -686 290
108 -715 92
-442 -637 -333
-726 -571 404
-595 -695 487
-564 -732 -423
-419 -750 -487
753 -59 237
-532 -597 457
-505 -801 -482
130 -669 202
649 118 82
-575 -740 -336
85 -688 251
-48 -760 115
-512 -693 -543
14 -631 137
790 -47 216
-494 -654 373
-469 -763 -478
-108 -668 176
-109 -585 335
-533 -732 -363
-441 -589 -450
723 59 61
724 -58 110
18 -809 87
784 86 37
6 -589 269
-454 -801 -443
16 -810 331
-80 -612 131
-512 -646 541
-468 -639 -484
793 154 90
-586 -747 339
-32 -609 309
19 -799 226
-111 -778 79
112 -587 77
29 -770 252
-324 -791 -433
-13 -699 308
-356 -618 -424
587 39 109
86 -789 351
-697 -646 531
-430 -629 -468
21 -574 299
615 149 24
-552 -658 434
535 27 205
-446 -688 -461
-548 -731 -603
766 -86 236
716 109 88
-87 -705 218
-300 -748 -550
-303 -573 -385
593 -33 -12
-312 -620 -411
-407 -686 -549
-578 -781 548
598 -56 245
-526 -541 -560
-537 -676 -341
-457 -774 489
-670 -648 425
-492 -759 -484
-68 -656 194
-45 -571 262
799 28 256
-444 -804 -432
-520 -810 -328
-304 -685 -470
714 111 72
625 102 41
-393 -719 -402
55 -581 140
-518 -519 567
-393 -787 -477
-326 -804 -444
-460 -724 -341
19 -578 164
-684 -653 409
13 -636 81
-470 -696 580
800 -94 263
-594 -757 578
791 3 -14
585 -97 54
-490 -794 -424
-599 -570 573
-652 -781 487
-543 -639 -493
-720 -731 314
-83 -668 102
608 -88 157
76 -733 353
-633 -589 435
791 88 187
-568 -746 355
-483 -656 374
-514 -696 567
-378 -665 -578
-704 -552 496
-499 -709 383
656 166 109
526 -102 256
-645 -561 526
-506 -689 -570
660 -75 219
107 -603 195
-684 -713 530
-724 -663 427
610 -65 222
573 19 -10
-363 -578 -328
-5 -723 305
-698 -730 333
-678 -508 522
-58 -668 107
-328 -792 -536
111 -693 195
660 -64 100
-47 -739 187
-493 -670 401
124 -617 311
-533 -709 -598
-520 -525 498
-660 -604 427
-434 -621 -525
145 -817 226
-325 -808 -398
-541 -625 -363
-414 -666 -589
153 -747 230
90 -539 252
-592 -529 325
654 145 37
-371 -603 -428
131 -767 321
764 -19 137
-446 -797 -447
729 -7 244
119 -680 83
-656 -585 455
-121 -582 194
139 -680 294
-544 -617 440
-465 -541 -546
-457 -702 580
791 -75 184
122 -809 244
46 -661 354
-455 -593 -433
-486 -757 -486
-510 -692 521
-451 -644 -474
614 5 51
-654 -690 340
-102 -715 116
101 -598 282
-660 -627 556
-386 -642 -457
692 -49 -16
-485 -749 -349
-700 -607 544
23 -699 321
-478 -626 -513
-571 -557 375
-470 -636 -451
-614 -639 457
-402 -809 -345
-599 -517 312
-523 -651 538
-459 -676 355
-120 -631 188
780 127 212
-494 -686 -433
-529 -692 394
14 -600 202
582 75 37
-108 -586 297
-730 -579 369
-469 -747 -428
-506 -655 -456
28 -659 177
66 -730 177
-56 -802 224
-581 -507 388
-46 -637 179
542 94 -9
-649 -563 438
-519 -589 452
-114 -727 284
-567 -638 581
-532 -675 563
-728 -517 356
-499 -766 -535
-654 -772 445
62 -573 145
-530 -632 -397
-523 -780 -576
-492 -779 486
-628 -516 409
-39 -606 287
632 80 172
765 -70 241
-460 -720 -491
-384 -717 -508
556 -41 185
581 -39 12
-542 -547 528
-585 -738 570
606 -79 44
148 -684 329
-21 -791 113
-558 -761 -484
-50 -592 80
-503 -578 -516
105 -782 165
138 -708 159
781 84 146
623 -104 172
620 -52 206
655 -83 -8
-613 -751 385
-574 -638 -455
-703 -517 396
23 -793 137
758 133 103
583 106 53
714 -40 140
653 -72 4
-376 -628 -453
-614 -660 559
717 -71 206
598 162 264
92 -610 105
111 -809 104
-331 -677 -409
697 158 196
115 -767 259
-109 -655 293
-505 -805 -448
764 58 68
-334 -687 -376
-73 -644 224
-409 -731 -432
110 -746 286
-532 -790 -595
-457 -583 313
-463 -653 363
7 -679 195
790 63 251
717 86 115
-594 -716 463
-491 -590 -518
758 -25 78
-56 -786 126
773 -74 201
-324 -729 -520
-559 -559 483
-51 -770 292
672 162 101
-528 -586 568
-478 -801 -604
620 108 118
-398 -580 -557
604 73 82
-313 -548 -532
-466 -808 -566
-464 -674 479
-440 -559 -355
-486 -639 351
-338 -801 -431
729 123 -8
-336 -809 -485
-549 -694 -517
-549 -594 -506
-553 -590 448
-450 -781 -527
37 -760 327
-534 -549 572
-506 -771 391
-627 -708 340
-524 -541 451
-510 -617 -517
-514 -609 366
-367 -669 -457
-549 -705 359
630 -11 143
-731 -554 465
610 -30 198
-514 -759 528
561 75 71
740 72 240
-572 -577 -495
-47 -778 220
18 -675 330
-323 -664 -517
-551 -740 -460
-428 -624 -564
36 -658 292
-458 -580 -400
-378 -721 -576
-481 -739 -492
-393 -536 -546
80 -621 225
-417 -733 -453
696 1 157
9 -563 286
92 -765 329
549 -97 134
-626 -738 503
-633 -540 385
49 -784 249
67 -659 305
-339 -755 -589
3 -655 259
-120 -748 80
-33 -649 103
-45 -556 97
-80 -651 99
-470 -574 387
-578 -507 454
-691 -689 417
-71 -553 193
-519 -784 -534
554 -62 27
138 -643 181
-432 -679 -389
664 -43 37
601 112 -12
-389 -746 -480
-676 -602 351
-305 -683 -338
-703 -560 490
-370 -809 -475
725 -29 49
-503 -703 -600
-457 -720 516
717 103 205
83 -728 123
-564 -585 524
562 -108 144
-725 -592 434
621 2 236
-639 -515 337
-429 -715 -334
652 44 135
-531 -579 -601
-701 -574 450
612 64 184
-571 -634 375
-31 -725 278
40 -804 315
-677 -748 410
-66 -804 236
615 106 19
526 -10 95
-710 -585 311
17 -618 161
-504 -673 542
772 -22 110
-500 -587 330
572 130 113
-564 -625 325
-709 -732 548
634 -63 170
-547 -615 -328
-554 -758 530
-688 -652 360
-605 -565 342
773 93 30
-108 -779 88
785 126 -15
675 7 23
-530 -802 -346
688 -76 139
-360 -624 -375
-459 -525 401
-76 -778 268
777 67 56
20 -563 289
-649 -637 338
-543 -567 512
-514 -562 497
738 16 253
-362 -792 -450
626 52 157
-63 -791 91
-341 -649 -409
4 -552 131
-579 -536 489
662 61 51
664 -87 86
-413 -653 -542
624 33 200
7 -659 249
-499 -754 311
585 159 251
539 -65 -2
376 552 -554
-691 -652 320
-541 -699 -523
576 127 127
-487 -676 -429
-334 -778 -334
781 -98 260
567 128 92
-95 -552 180
-62 -587 253
-523 -613 361
27 -690 340
122 -809 205
-507 -569 497
-587 -546 318
-454 -586 -423
630 -77 197
-508 -751 570
-485 -669 447
-482 -679 534
132 -802 329
-650 -523 496
-684 -766 458
-415 -749 -526
781 -67 143
-57 -767 109
539 -54 187
-392 -617 -344
-473 -522 364
805 -90 181
-686 -715 409
-571 -515 459
-731 -764 347
45 -812 305
-621 -546 353
-505 -663 -420
-397 -722 -478
693 123 145
-621 -563 349
-5 -641 126
-15 -662 160
554 22 251
-453 -683 -441
112 -570 255
-553 -621 -338
-651 -694 312
-676 -734 311
-467 -691 542
538 -80 263
-585 -521 316
-336 -691 -409
-560 -552 -431
-415 -667 -339
-506 -730 317
-316 -632 -469
660 -102 71
-495 -586 -567
-634 -584 407
-89 -751 191
-325 -594 -409
115 -783 316
-506 -762 570
54 -725 209
-67 -788 251
717 87 237
-439 -764 -482
526 -31 55
-556 -672 444
609 90 250
549 9 49
663 109 170
-46 -558 238
-313 -558 -451
38 -657 137
704 35 247
58 -540 159
-93 -807 189
-730 -622 448
709 32 139
553 -98 40
-106 -670 117
-383 -560 -530
-40 -623 282
-376 -807 -358
-356 -587 -448
-424 -717 -598
-728 -621 535
711 -58 71
129 -620 312
-707 -615 435
108 -781 222
-550 -671 575
-431 -595 -489
-594 -582 555
569 -32 70
36 -804 241
-394 -686 -529
538 -51 143
740 129 226
-53 -655 229
-410 -793 -372
-525 -543 -600
622 70 51
550 103 52
-654 -507 367
-25 -548 107
-408 -565 -514
-390 -690 -430
153 -586 79
797 52 123
-556 -617 440
-483 -600 -368
-399 -643 -458
-540 -689 318
16 -649 273
-373 -640 -570
721 -24 11
-565 -744 432
724 71 98
122 -765 232
-85 -699 180
748 -74 107
-646 -730 370
-429 -753 -569
73 -740 74
-593 -666 384
-473 -658 -492
-415 -727 -549
-666 -670 316
-664 -558 458
33 -676 168
605 62 193
614 -60 160
792 -66 64
-493 -743 -414
90 -716 104
-548 -691 362
-526 -759 431
-461 -573 489
111 -644 263
-709 -728 492
-404 -690 -448
-556 -674 -357
-483 -664 -407
-523 -638 -516
1 -564 319
641 -110 165
-40 -645 234
567 40 50
739 -60 153
-505 -765 -421
716 -18 65
741 87 21
-496 -648 -468
-342 -660 -436
575 -50 140
-496 -758 -535
562 -51 27
720 17 176
-422 -622 -584
-729 -724 386
-588 -754 514
-605 -689 364
-552 -739 -557
-705 -766 571
537 -1 92
123 -582 345
-554 -635 -547
-438 -792 -459
-641 -627 562
657 163 64
-493 -672 352
-561 -622 -398
698 64 55
-526 -686 312
-539 -511 491
-47 -537 299
-101 -543 110
-533 -625 346
-507 -697 -429
578 -55 92
600 -102 250
-373 -796 -364
-531 -742 567
-497 -613 481
-564 -712 -409
-720 -564 459
-565 -532 374
-594 -575 422
-476 -776 -526
-662 -600 527
-583 -527 393
-386 -781 -603
687 166 130
736 99 162
-314 -796 -500
-51 -604 74
-371 -551 -532
-407 -600 -339
31 -761 257
-302 -622 -440
-496 -583 -562
-470 -636 463
704 24 182
575 433 -652
-611 -736 502
-7 -583 133
-515 -681 466
-486 -654 -592
568 -56 260
779 -82 158
-472 -607 -585
-546 -745 586
805 39 107
-646 -606 355
74 -638 112
-522 -667 -335
-366 -778 -558
-547 -542 -333
540 85 181
-372 -633 -507
-549 -656 442
-532 -584 -338
-445 -579 -569
-425 -788 -354
-600 -671 357
-460 -666 -416
-585 -666 409
761 44 1
725 148 152
-476 -743 328
759 5 174
-464 -646 551
-458 -545 557
21 -621 269
605 84 126
575 -84 163
100 -599 210
769 -63 43
136 -780 337
591 105 86
-124 -556 147
595 23 87
58 -789 272
-477 -587 320
710 95 227
-708 -608 491
568 616 -82
746 -63 181
-494 -750 -519
-649 -646 430
681 149 180
-117 -775 118
-451 -590 -518
-298 -535 -342
-675 -597 347
804 125 239
-524 -571 -549
641 65 62
-614 -584 398
-651 -594 382
617 155 169
-655 -718 434
685 -112 4
-338 -641 -395
-443 -666 -428
66 -646 285
-121 -803 79
-72 -757 269
630 -31 13
-473 -616 525
-425 -582 -529
-486 -716 381
-527 -688 335
-682 -530 330
616 -3 63
-480 -774 457
625 98 62
634 147 166
-462 -550 -571
-384 -577 -326
145 -608 260
103 -592 335
-551 -632 -453
793 -81 134
-543 -581 -365
105 -688 212
558 168 209
-651 -634 504
772 92 192
-541 -630 -383
-589 -624 557
-453 -531 -404
-461 -619 -336
-512 -547 430
-677 -756 500
-81 -807 151
-658 -682 546
-499 -531 -510
-480 -756 414
-327 -681 -544
584 119 122
532 54 5
-560 -588 -555
-383 -671 -514
107 -813 260
-20 -772 165
-348 -649 -548
575 86 70
-61 -654 281
725 -37 7
-553 -717 -515
-81 -690 265
104 -548 116
-413 -799 -330
637 -8 189
729 -35 162
78 -649 118
-336 -629 -404
95 -659 238
542 129 148
571 -43 149
-616 -563 583
134 -771 110
-385 -806 -385
-516 -793 -349
87 -614 155
-571 -644 348
784 157 28
739 -45 140
532 77 178
-16 -804 111
-396 -673 -352
-456 -622 -523
666 163 221
712 145 22
-77 -666 249
-609 -627 364
95 -539 306
-508 -677 -437
-650 -702 554
-80 -813 314
-53 -703 134
-357 -722 -563
-626 -604 330
-14 -804 93
-21 -712 146
592 -95 225
-363 -542 -356
-108 -677 92
-437 -783 -397
103 -538 76
-514 -677 -335
92 -614 170
639 109 254
-600 -669 392
-564 -644 319
140 -674 228
-84 -779 231
796 34 59
-469 -623 438
764 152 9
-310 -728 -423
653 168 8
-635 -605 311
-720 -584 422
792 142 45
-678 -754 418
790 -56 132
528 143 66
-489 -552 440
-533 -651 558
-439 -809 -560
-472 -673 -595
670 -106 184
-727 -755 360
147 -592 167
630 128 252
-468 662 77
-110 -643 258
544 23 59
-495 -683 -446
76 -599 181
71 -691 233
-703 -524 428
605 76 247
649 157 143
71 -742 121
-537 -687 530
60 -622 237
-593 -620 564
-426 -765 -594
-534 -780 -376
-573 -537 524
-331 -731 -354
-544 -747 358
-70 -735 215
-89 -573 281
676 -69 241
610 -17 105
12 -634 177
598 157 36
792 43 49
-652 -707 452
27 -803 237
749 121 109
-98 -709 298
555 -109 31
-359 -684 -377
116 -600 187
-336 -718 -441
-606 -769 467
-537 -673 -437
-663 -746 513
-344 -790 -524
-553 -577 468
-531 -620 -439
-703 -625 553
-650 -621 579
666 57 184
-14 -769 160
118 -752 352
756 137 113
-356 -623 -434
590 -61 190
721 -94 185
-508 -649 390
-437 -575 -520
541 68 102
121 -677 299
-657 -573 447
745 42 71
-661 -517 391
602 -20 25
-110 -572 346
-13 -733 326
-78 -627 205
674 151 119
-549 -530 511
-529 -752 405
6 -782 243
-459 -609 572
-729 -699 481
-559 -666 -453
798 -75 -15
136 -760 258
-694 -631 526
706 -50 13
724 122 102
-408 -797 -596
755 -109 156
141 -618 269
-640 -517 361
-509 -555 331
-370 -614 -604
-719 -524 486
-549 -623 -481
564 -20 137
665 36 97
-469 -547 488
135 -539 298
-537 -702 348
-383 -559 -416
110 -649 342
-510 -706 -412
-429 -707 -437
-522 -737 323
-508 -809 -596
-635 -592 419
-521 -612 -483
67 -628 102
-5 -689 208
689 74 248
120 -707 279
-106 -810 345
-84 -568 195
-76 -789 225
14 -604 236
-483 -701 410
148 -698 225
-680 -765 508
-8 -611 237
98 -647 265
60 -770 108
54 -786 195
46 -593 131
-476 -584 420
-388 -777 -461
662 -62 252
56 -788 140
-701 -711 527
-678 -563 324
733 42 10
118 -664 95
-72 -687 140
615 5 121
-7 -690 95
66 -792 107
583 42 50
-39 -750 330
-535 -742 559
-623 -615 365
21 -600 253
-514 -604 518
605 83 25
-116 -657 84
-714 -642 538
-663 -709 363
741 -89 42
-345 -594 -523
743 30 65
-355 -598 -429
673 58 24
626 -7 170
-478 -741 -570
74 -747 340
28 -590 244
-43 -656 120
-5 -597 260
-641 -661 494
-654 -521 324
-601 -672 409
-633 -712 374
-728 -621 467
40 -574 238
139 -788 113
141 -695 298
19 -604 155
587 118 115
-560 -546 344
-470 -787 -336
61 -597 158
-8 -788 91
-40 -677 123
125 -781 166
-474 -551 -552
532 -86 188
-471 -781 571
-573 -740 558
-343 -571 -442
-510 -538 -514
604 -26 182
-501 -697 -411
88 -643 220
-10 -752 280
756 -35 121
-630 -619 323
-601 -673 414
658 22 53
-503 -618 442
-557 -546 479
-603 -766 338
-111 -800 144
742 -61 54
49 -725 268
-643 -559 509
707 120 98
-548 -621 -475
-459 -555 -369
-353 -665 -362
112 -586 98
697 -66 98
93 -797 262
-119 -684 275
734 42 134
-561 -541 -378
-723 -574 567
-680 -553 350
773 59 95
709 152 14
749 21 178
-522 -632 385
52 -670 76
-593 -605 516
-507 -669 -538
-672 -581 390
-116 -777 249
-460 -800 -503
755 17 93
-560 -512 507
84 -697 242
-536 -808 -436
-463 -579 -513
-325 -760 -551
-35 -707 338
-559 -718 -402
-556 -781 322
673 78 57
67 -657 195
775 -61 120
-359 -647 -419
-567 -734 379
-503 -542 364
742 -97 211
-533 -653 -552
-678 -662 445
586 -52 112
-518 -781 530
-695 -711 421
644 133 227
-518 -683 400
-671 -636 571
-731 -612 573
-563 -589 342
-427 -642 -457
-659 -746 315
-381 -591 -507
-571 -593 -399
730 -1 14
61 -716 239
573 29 41
586 142 104
-98 -647 117
-474 -539 -550
747 71 -4
731 -53 13
-365 -765 -391
-515 -623 414
-656 -778 408
602 146 -7
636 -48 216
-436 -628 -504
-640 -751 359
9 -543 128
712 25 28
641 -109 0
-636 -653 330
-420 -556 -502
133 -685 341
-455 -788 -471
-549 -765 556
-66 -688 243
619 -666 188
-342 -615 -408
-379 -684 -416
684 -68 106
547 43 23
708 92 60
631 132 105
590 -19 147
-108 -627 176
527 49 14
-414 -719 -451
-50 -685 308
-559 -636 -335
-486 -748 530
-30 -592 113
-455 -622 314
-496 -785 446
-511 -544 -464
-334 -641 -356
611 -21 137
-550 -779 -440
601 -93 156
58 -793 263
771 53 183
-378 -550 -458
-468 -700 -385
-557 -800 -342
128 -762 342
85 -718 288
-519 -730 470
-318 -719 -370
608 37 30
-605 -573 332
-481 -726 548
-499 -659 400
-401 -700 -529
747 131 242
80 -785 324
-673 -672 381
-23 -564 253
126 -684 225
697 -74 79
-399 -671 -537
610 118 41
620 84 9
-582 -529 509
781 158 46
-331 -739 -360
-578 -511 334
107 -659 136
644 21 50
803 73 137
766 0 81
-666 -732 484
-552 -782 551
-343 -757 -436
-700 -729 421
10 -670 125
565 154 -2
-301 -572 -552
777 144 45
-496 -745 426
-468 -669 585
-559 -678 575
67 -578 168
-558 -730 430
-436 -546 -435
-526 -669 -601
103 -699 149
-412 -773 -330
87 -765 77
-474 -654 -597
-507 -628 -534
-303 -669 -459
589 -19 178
45 -543 315
-527 -524 499
129 -599 88
-489 -717 -492
128 -538 146
-663 -726 552
-723 -553 474
-562 -652 366
-509 -576 469
4 -807 272
-613 -628 462
-120 -566 145
778 7 194
-505 -786 -531
-563 -568 -481
-362 -615 -463
-327 -783 -570
90 -725 297
100 -678 232
-108 -729 200
-674 -764 566
151 -616 301
31 -641 341
-467 -808 -436
-496 -710 417
-453 -656 -352
-536 -697 538
-362 -655 -515
149 -563 171
-614 -526 427
-651 -754 375
-370 -569 -396
-501 -552 -370
-323 -563 -442
-84 -796 334
787 -15 171
-102 -801 207
-484 -730 -353
-337 -759 -487
758 53 23
-333 -708 -448
-527 -608 -382
-508 -686 357
-475 -804 -517
736 -69 142
-686 -737 414
608 10 88
-606 -718 440
-486 -595 -533
-320 -687 -588
625 4 6
-333 -617 -357
-582 305 684
-730 -550 417
-576 -550 506
-471 -680 518
76 -540 236
-73 -786 203
584 3 42
582 -28 73
-324 -683 -428
-527 -662 -555
-373 -766 -331
87 -641 136
-378 -607 -524
-425 -723 -493
-378 -580 -521
-541 -792 -492
-535 -603 583
1 -702 344
-543 -786 435
131 -579 96
778 -98 111
-544 -650 513
-33 -740 304
-419 -796 -517
-518 -787 -563
-94 -601 203
-523 -561 -474
583 -33 239
150 -707 140
753 117 259
-118 -766 207
-631 -729 438
69 -571 165
74 -681 349
568 99 120
739 148 261
-614 -549 500
-541 -641 332
589 -102 156
-727 -730 416
27 -667 351
582 112 57
-438 -633 -453
-109 -629 133
-644 -618 432
679 -7 178
-60 -799 286
706 147 159
-442 -618 -485
-704 -553 388
-663 -530 458
-554 -521 395
775 -102 35
-353 -743 -450
137 -711 89
795 147 -15
-534 -805 -544
-712 -728 464
-491 -804 -568
-512 -662 380
627 108 226
-428 -722 -474
-371 -751 -482
602 -94 79
-619 -590 482
142 -783 83
-301 -798 -377
638 -35 83
644 88 96
-92 -810 91
616 62 181
-497 -717 -382
-559 -595 -598
-45 -550 257
-483 -619 434
103 -563 154
-700 -702 486
-325 -697 -574
-464 -768 349
148 -558 116
115 -578 215
645 -37 241
59 -735 255
-6 -668 149
-392 -561 -501
-298 -797 -541
-601 -696 454
-490 -589 350
-632 -750 420
114 -724 108
-8 -718 101
-498 -572 -440
-96 -586 113
607 -66 6
-586 -725 320
-308 -537 -599
-415 -679 -408
-482 -657 -351
-573 -590 -522
-431 -569 -583
-421 -567 -500
778 -24 192
630 163 261
-636 -766 409
-703 -763 334
783 -58 48
-522 -534 -359
-410 -785 -572
-564 -781 587
715 -64 189
-530 -676 -560
-6 -636 314
-674 -626 390
-101 -624 162
-606 -639 502
51 -668 240
-574 -554 -462
529 -16 124
538 -79 176
63 -542 138
-355 -682 -510
-392 -780 -421
-538 -547 -598
85 -736 348
729 -105 196
-622 -754 580
-457 -544 -350
-359 -640 -404
638 144 23
792 15 240
-48 -753 214
-303 -584 -533
71 -562 110
713 -43 246
-462 -593 -580
-456 -711 -562
39 -638 222
-701 -665 553
725 91 162
-425 -599 -510
32 -626 104
-346 -744 -398
-501 -729 -483
95 -703 119
535 110 64
-43 -581 83
-514 -631 510
75 -542 111
-469 -804 -491
-495 -746 -329
627 -65 94
56 -629 198
-119 -647 164
758 90 151
80 -606 319
22 -612 231
566 71 -14
723 -4 10
-547 -620 -404
-410 -766 -474
545 146 51
755 116 92
-719 -548 422
-467 -594 535
663 117 183
-733 -746 473
-330 -578 -355
-636 -658 385
-542 -749 464
40 -731 282
556 -73 90
687 93 172
-613 -779 431
-309 -654 -455
-562 -707 -396
-459 -541 -481
-693 -755 487
805 -89 260
670 11 154
-664 -767 471
-112 -736 265
-523 -701 -430
771 97 26
-24 -676 202
706 -35 186
527 16 167
-299 -556 -552
-659 -703 537
674 168 235
-86 -808 249
-298 -793 -348
137 -542 270
18 -709 267
-367 -725 -554
-536 -731 309
-563 -664 392
133 -566 173
686 -59 65
-501 -623 419
-494 -538 -537
96 -769 150
-643 -526 499
156 -594 224
43 -730 191
-695 -566 583
-632 -656 493
-526 -588 -416
-652 -590 388
7 -554 82
-477 -621 -541
214 -23 307
-487 -780 468
84 -772 194
731 80 58
-561 -735 -562
93 -763 324
-419 -568 -442
-526 -639 -395
-467 -656 -454
-61 -693 186
134 -581 191
-30 -542 75
633 24 114
-307 -630 -554
800 101 63
790 -70 210
-356 -741 -343
-505 -636 385
717 60 145
-72 -769 276
682 -87 147
79 -730 182
-442 -690 -559
765 -56 255
10 -644 83
685 1 68
-667 -667 390
713 -14 60
577 14 232
727 -37 160
71 -696 303
-66 -566 352
149 -605 332
-394 -680 -435
-712 -601 531
-572 -743 -486
-411 -709 -565
-325 -610 -429
-569 -673 454
-495 -564 -462
-418 -767 -546
-101 -727 286
-330 -662 -357
-27 -548 334
31 -771 233
567 65 192
-113 -636 354
-27 -731 329
760 142 240
69 -804 190
137 -784 228
-118 -801 306
-501 -519 323
87 -767 91
-520 -535 455
794 54 -4
-657 -521 541
-394 -753 -478
140 -624 208
-425 -811 -388
-495 -731 469
-408 -590 -582
-53 -598 344
600 158 106
-390 -560 -549
558 -38 -14
-683 -598 483
787 81 14
-663 -704 317
149 -657 170
-507 -674 555
761 4 92
-681 -701 516
-609 -595 324
784 -62 91
-368 -535 -523
669 -7 112
-453 -605 526